Customers:	100	Capacity:	200	Time Bins	4 	Vehicles	13

Cust	X	Y	Demand	Start	End	Service	PreBin	0-160	160-320	320-480
D	40	50	0	0	240	0	0	0	0	0
0	25	85	20	0	191	10	0	30	70	0
1	22	75	30	0	199	10	0	30	70	0
2	22	85	10	0	190	10	0	30	70	0
3	20	80	40	141	171	10	0	30	70	0
4	20	85	20	0	189	10	0	30	70	0
5	18	75	20	95	125	10	0	100	0	0
6	15	75	20	0	194	10	0	30	70	0
7	15	80	10	91	121	10	0	100	0	0
8	10	35	20	91	121	10	0	100	0	0
9	10	40	30	119	149	10	0	100	0	0
10	8	40	40	59	89	10	0	100	0	0
11	8	45	20	0	197	10	0	30	70	0
12	5	35	10	142	172	10	0	30	70	0
13	5	45	10	35	65	10	0	0	0	0
14	2	40	20	58	88	10	0	100	0	0
15	0	40	20	72	102	10	0	100	0	0
16	0	45	20	149	179	10	0	30	70	0
17	44	5	20	87	117	10	0	100	0	0
18	42	10	40	72	102	10	0	100	0	0
19	42	15	10	122	152	10	0	100	0	0
20	40	5	10	0	185	10	0	30	70	0
21	40	15	40	92	122	10	0	100	0	0
22	38	5	30	65	95	10	0	100	0	0
23	38	15	10	148	178	10	0	30	70	0
24	35	5	20	154	184	10	0	30	70	0
25	95	30	30	0	171	10	0	30	70	0
26	95	35	20	62	92	10	0	100	0	0
27	92	30	10	62	92	10	0	100	0	0
28	90	35	10	67	97	10	0	100	0	0
29	88	30	10	74	104	10	0	100	0	0
30	88	35	20	0	179	10	0	30	70	0
31	87	30	10	131	161	10	0	30	70	0
32	85	25	10	51	81	10	0	100	0	0
33	85	35	30	0	182	10	0	30	70	0
34	67	85	20	139	169	10	0	30	70	0
35	65	85	40	43	73	10	0	0	0	0
36	65	82	10	0	189	10	0	30	70	0
37	62	80	30	75	105	10	0	100	0	0
38	60	80	10	37	67	10	0	0	0	0
39	60	85	30	85	115	10	0	100	0	0
40	58	75	20	92	122	10	0	100	0	0
41	55	80	10	33	63	10	0	0	0	0
42	55	85	20	128	158	10	0	100	0	0
43	55	82	10	64	94	10	0	100	0	0
44	20	82	10	37	67	10	0	0	0	0
45	18	80	10	113	143	10	0	100	0	0
46	2	45	10	45	75	10	0	0	0	0
47	42	5	10	0	184	10	0	30	70	0
48	42	12	10	104	134	10	0	100	0	0
49	72	35	30	0	194	10	0	30	70	0
50	55	20	19	83	113	10	0	100	0	0
51	25	30	3	0	205	10	0	30	70	0
52	20	50	5	91	121	10	0	100	0	0
53	55	60	16	139	169	10	0	30	70	0
54	30	60	16	140	170	10	0	30	70	0
55	50	35	19	130	160	10	0	100	0	0
56	30	25	23	96	126	10	0	100	0	0
57	15	10	20	152	182	10	0	30	70	0
58	10	20	19	0	187	10	0	30	70	0
59	15	60	17	155	185	10	0	30	70	0
60	45	65	9	66	96	10	0	100	0	0
61	65	35	3	52	82	10	0	100	0	0
62	65	20	6	39	69	10	0	0	0	0
63	45	30	17	53	83	10	0	100	0	0
64	35	40	16	11	41	10	0	0	0	0
65	41	37	16	133	163	10	0	30	70	0
66	64	42	9	70	100	10	0	100	0	0
67	40	60	21	144	174	10	0	30	70	0
68	31	52	27	41	71	10	0	0	0	0
69	35	69	23	180	210	10	0	30	70	0
70	65	55	14	65	95	10	0	100	0	0
71	63	65	8	0	202	10	0	30	70	0
72	2	60	5	77	107	10	0	100	0	0
73	20	20	8	141	171	10	0	30	70	0
74	5	5	16	0	172	10	0	30	70	0
75	60	12	31	75	105	10	0	100	0	0
76	23	3	7	150	180	10	0	30	70	0
77	8	56	27	90	120	10	0	100	0	0
78	6	68	30	89	119	10	0	100	0	0
79	47	47	13	192	222	10	0	30	70	0
80	49	58	10	86	116	10	0	100	0	0
81	27	43	9	0	215	10	0	30	70	0
82	37	31	14	0	210	10	0	30	70	0
83	57	29	18	96	126	10	0	100	0	0
84	63	23	2	0	194	10	0	30	70	0
85	21	24	28	87	117	10	0	100	0	0
86	12	24	13	90	120	10	0	100	0	0
87	24	58	19	67	97	10	0	100	0	0
88	67	5	25	144	174	10	0	30	70	0
89	37	47	6	86	116	10	0	100	0	0
90	49	42	13	0	217	10	0	30	70	0
91	53	43	14	14	44	10	0	0	0	0
92	61	52	3	178	208	10	0	30	70	0
93	57	48	23	0	212	10	0	30	70	0
94	56	37	6	0	209	10	0	30	70	0
95	55	54	26	0	214	10	0	30	70	0
96	4	18	35	120	150	10	0	100	0	0
97	26	52	9	0	215	10	0	30	70	0
98	26	35	15	77	107	10	0	100	0	0
99	31	67	3	180	210	10	0	30	70	0

Known Requests 0
Cust	Arrival	Start	Deadline	Demand	Service

Unknown Requests 84
Cust	Arrival	Start	Deadline	Demand	Service
75	0	75	105	31	10
27	1	62	92	10	10
37	2	75	105	30	10
72	3	77	107	5	10
86	6	90	120	13	10
70	6	65	95	14	10
54	6	140	170	16	10
55	9	130	160	19	10
47	10	0	184	10	10
42	10	128	158	20	10
10	11	59	89	40	10
61	14	52	82	3	10
21	15	92	122	40	10
15	18	72	102	20	10
32	20	51	81	10	10
80	22	86	116	10	10
48	22	104	134	10	10
14	22	58	88	20	10
87	24	67	97	19	10
43	28	64	94	10	10
83	29	96	126	18	10
82	29	0	210	14	10
66	29	70	100	9	10
28	33	67	97	10	10
26	33	62	92	20	10
63	37	53	83	17	10
98	38	77	107	15	10
45	44	113	143	10	10
22	44	65	95	30	10
5	44	95	125	20	10
84	45	0	194	2	10
29	46	74	104	10	10
77	47	90	120	27	10
18	47	72	102	40	10
78	48	89	119	30	10
60	48	66	96	9	10
6	48	0	194	20	10
7	50	91	121	10	10
12	54	142	172	10	10
69	56	180	210	23	10
59	57	155	185	17	10
11	58	0	197	20	10
89	61	86	116	6	10
17	61	87	117	20	10
19	62	122	152	10	10
96	64	120	150	35	10
40	64	92	122	20	10
90	66	0	217	13	10
85	66	87	117	28	10
56	67	96	126	23	10
95	69	0	214	26	10
8	72	91	121	20	10
52	73	91	121	5	10
39	73	85	115	30	10
50	74	83	113	19	10
9	75	119	149	30	10
74	80	80	172	16	10
65	80	133	163	16	10
47	85	80	184	10	10
54	90	140	170	16	10
34	90	139	169	20	10
84	95	80	194	2	10
57	96	152	182	20	10
12	97	142	172	10	10
31	99	131	161	10	10
23	99	148	178	10	10
73	100	141	171	8	10
53	102	139	169	16	10
88	108	144	174	25	10
3	108	141	171	40	10
81	112	80	215	9	10
20	114	80	185	10	10
58	115	80	187	19	10
95	124	80	214	26	10
76	124	150	180	7	10
24	124	154	184	20	10
82	128	80	210	14	10
92	129	178	208	3	10
11	134	80	197	20	10
69	145	180	210	23	10
79	150	192	222	13	10
51	155	80	205	3	10
93	156	80	212	23	10
71	156	80	202	8	10