Customers:	100	Capacity:	200	Time Bins	4 	Vehicles	11

Cust	X	Y	Demand	Start	End	Service	PreBin	0-160	160-320	320-480
D	40	50	0	0	240	0	0	0	0	0
0	25	85	20	0	191	10	0	30	70	0
1	22	75	30	0	199	10	0	30	70	0
2	22	85	10	0	190	10	0	30	70	0
3	20	80	40	141	171	10	0	30	70	0
4	20	85	20	0	189	10	0	30	70	0
5	18	75	20	0	196	10	0	30	70	0
6	15	75	20	0	194	10	0	30	70	0
7	15	80	10	91	121	10	0	100	0	0
8	10	35	20	91	121	10	0	100	0	0
9	10	40	30	0	198	10	0	30	70	0
10	8	40	40	59	89	10	0	100	0	0
11	8	45	20	0	197	10	0	30	70	0
12	5	35	10	142	172	10	0	30	70	0
13	5	45	10	0	194	10	0	30	70	0
14	2	40	20	58	88	10	0	100	0	0
15	0	40	20	0	188	10	0	30	70	0
16	0	45	20	0	189	10	0	30	70	0
17	44	5	20	0	184	10	0	30	70	0
18	42	10	40	0	189	10	0	30	70	0
19	42	15	10	0	194	10	0	30	70	0
20	40	5	10	0	185	10	0	30	70	0
21	40	15	40	0	195	10	0	30	70	0
22	38	5	30	65	95	10	0	100	0	0
23	38	15	10	0	194	10	0	30	70	0
24	35	5	20	154	184	10	0	30	70	0
25	95	30	30	0	171	10	0	30	70	0
26	95	35	20	0	172	10	0	30	70	0
27	92	30	10	0	174	10	0	30	70	0
28	90	35	10	0	177	10	0	30	70	0
29	88	30	10	0	178	10	0	30	70	0
30	88	35	20	0	179	10	0	30	70	0
31	87	30	10	0	178	10	0	30	70	0
32	85	25	10	0	178	10	0	30	70	0
33	85	35	30	0	182	10	0	30	70	0
34	67	85	20	0	185	10	0	30	70	0
35	65	85	40	0	186	10	0	30	70	0
36	65	82	10	0	189	10	0	30	70	0
37	62	80	30	75	105	10	0	100	0	0
38	60	80	10	0	193	10	0	30	70	0
39	60	85	30	0	189	10	0	30	70	0
40	58	75	20	0	199	10	0	30	70	0
41	55	80	10	0	196	10	0	30	70	0
42	55	85	20	0	191	10	0	30	70	0
43	55	82	10	64	94	10	0	100	0	0
44	20	82	10	0	192	10	0	30	70	0
45	18	80	10	0	192	10	0	30	70	0
46	2	45	10	0	191	10	0	30	70	0
47	42	5	10	0	184	10	0	30	70	0
48	42	12	10	0	191	10	0	30	70	0
49	72	35	30	0	194	10	0	30	70	0
50	55	20	19	0	196	10	0	30	70	0
51	25	30	3	0	205	10	0	30	70	0
52	20	50	5	91	121	10	0	100	0	0
53	55	60	16	0	211	10	0	30	70	0
54	30	60	16	140	170	10	0	30	70	0
55	50	35	19	0	211	10	0	30	70	0
56	30	25	23	0	203	10	0	30	70	0
57	15	10	20	152	182	10	0	30	70	0
58	10	20	19	0	187	10	0	30	70	0
59	15	60	17	0	203	10	0	30	70	0
60	45	65	9	0	214	10	0	30	70	0
61	65	35	3	52	82	10	0	100	0	0
62	65	20	6	0	190	10	0	30	70	0
63	45	30	17	0	209	10	0	30	70	0
64	35	40	16	0	218	10	0	30	70	0
65	41	37	16	0	216	10	0	30	70	0
66	64	42	9	70	100	10	0	100	0	0
67	40	60	21	0	220	10	0	30	70	0
68	31	52	27	41	71	10	0	0	0	0
69	35	69	23	0	210	10	0	30	70	0
70	65	55	14	0	204	10	0	30	70	0
71	63	65	8	0	202	10	0	30	70	0
72	2	60	5	0	190	10	0	30	70	0
73	20	20	8	141	171	10	0	30	70	0
74	5	5	16	0	172	10	0	30	70	0
75	60	12	31	75	105	10	0	100	0	0
76	23	3	7	150	180	10	0	30	70	0
77	8	56	27	0	197	10	0	30	70	0
78	6	68	30	89	119	10	0	100	0	0
79	47	47	13	0	222	10	0	30	70	0
80	49	58	10	0	217	10	0	30	70	0
81	27	43	9	0	215	10	0	30	70	0
82	37	31	14	0	210	10	0	30	70	0
83	57	29	18	96	126	10	0	100	0	0
84	63	23	2	0	194	10	0	30	70	0
85	21	24	28	0	197	10	0	30	70	0
86	12	24	13	90	120	10	0	100	0	0
87	24	58	19	0	212	10	0	30	70	0
88	67	5	25	0	177	10	0	30	70	0
89	37	47	6	0	225	10	0	30	70	0
90	49	42	13	0	217	10	0	30	70	0
91	53	43	14	14	44	10	0	0	0	0
92	61	52	3	0	208	10	0	30	70	0
93	57	48	23	0	212	10	0	30	70	0
94	56	37	6	0	209	10	0	30	70	0
95	55	54	26	0	214	10	0	30	70	0
96	4	18	35	0	181	10	0	30	70	0
97	26	52	9	0	215	10	0	30	70	0
98	26	35	15	77	107	10	0	100	0	0
99	31	67	3	180	210	10	0	30	70	0

Known Requests 0
Cust	Arrival	Start	Deadline	Demand	Service

Unknown Requests 101
Cust	Arrival	Start	Deadline	Demand	Service
95	3	0	214	26	10
86	7	90	120	13	10
14	9	58	88	20	10
75	10	75	105	31	10
50	11	0	196	19	10
7	14	91	121	10	10
52	15	91	121	5	10
82	19	0	210	14	10
21	20	0	195	40	10
39	22	0	189	30	10
57	25	152	182	20	10
96	26	0	181	35	10
62	33	0	190	6	10
6	34	0	194	20	10
97	35	0	215	9	10
35	35	0	186	40	10
38	36	0	193	10	10
22	37	65	95	30	10
80	38	0	217	10	10
8	39	91	121	20	10
66	41	70	100	9	10
77	44	0	197	27	10
61	44	52	82	3	10
83	45	96	126	18	10
29	45	0	178	10	10
13	45	0	194	10	10
55	46	0	211	19	10
44	46	0	192	10	10
10	48	59	89	40	10
3	48	141	171	40	10
43	49	64	94	10	10
37	53	75	105	30	10
40	58	0	199	20	10
45	60	0	192	10	10
79	62	0	222	13	10
47	64	0	184	10	10
16	70	0	189	20	10
98	75	77	107	15	10
89	76	0	225	6	10
87	76	0	212	19	10
78	76	89	119	30	10
49	82	80	194	30	10
81	84	80	215	9	10
77	84	80	197	27	10
56	84	80	203	23	10
13	84	80	194	10	10
76	85	150	180	7	10
48	85	80	191	10	10
34	85	80	185	20	10
26	85	80	172	20	10
96	86	80	181	35	10
89	88	80	225	6	10
62	88	80	190	6	10
17	89	80	184	20	10
92	91	80	208	3	10
38	92	80	193	10	10
35	93	80	186	40	10
27	93	80	174	10	10
25	94	80	171	30	10
15	94	80	188	20	10
31	95	80	178	10	10
32	96	80	178	10	10
30	96	80	179	20	10
29	96	80	178	10	10
3	97	141	171	40	10
6	98	80	194	20	10
20	102	80	185	10	10
4	104	80	189	20	10
44	105	80	192	10	10
55	106	80	211	19	10
42	106	80	191	20	10
28	107	80	177	10	10
0	110	80	191	20	10
36	111	80	189	10	10
99	113	180	210	3	10
57	113	152	182	20	10
88	114	80	177	25	10
97	116	80	215	9	10
47	121	80	184	10	10
12	121	142	172	10	10
64	122	80	218	16	10
59	123	80	203	17	10
73	124	141	171	8	10
39	124	80	189	30	10
24	128	154	184	20	10
40	133	80	199	20	10
2	133	80	190	10	10
23	136	80	194	10	10
87	137	80	212	19	10
94	139	80	209	6	10
45	143	80	192	10	10
70	145	80	204	14	10
95	146	80	214	26	10
19	146	80	194	10	10
67	147	80	220	21	10
82	151	80	210	14	10
54	151	140	170	16	10
50	151	80	196	19	10
21	152	80	195	40	10
1	156	80	199	30	10
84	157	80	194	2	10