Customers:	100	Capacity:	200	Time Bins	4 	Vehicles	11

Cust	X	Y	Demand	Start	End	Service	PreBin	0-160	160-320	320-480
D	40	50	0	0	240	0	0	0	0	0
0	25	85	20	0	191	10	20	20	60	0
1	22	75	30	0	199	10	20	20	60	0
2	22	85	10	0	190	10	20	20	60	0
3	20	80	40	141	171	10	20	20	60	0
4	20	85	20	0	189	10	20	20	60	0
5	18	75	20	0	196	10	20	20	60	0
6	15	75	20	0	194	10	20	20	60	0
7	15	80	10	91	121	10	50	50	0	0
8	10	35	20	91	121	10	50	50	0	0
9	10	40	30	0	198	10	20	20	60	0
10	8	40	40	59	89	10	50	50	0	0
11	8	45	20	0	197	10	20	20	60	0
12	5	35	10	142	172	10	20	20	60	0
13	5	45	10	0	194	10	20	20	60	0
14	2	40	20	58	88	10	50	50	0	0
15	0	40	20	0	188	10	20	20	60	0
16	0	45	20	0	189	10	20	20	60	0
17	44	5	20	0	184	10	20	20	60	0
18	42	10	40	0	189	10	20	20	60	0
19	42	15	10	0	194	10	20	20	60	0
20	40	5	10	0	185	10	20	20	60	0
21	40	15	40	0	195	10	20	20	60	0
22	38	5	30	65	95	10	50	50	0	0
23	38	15	10	0	194	10	20	20	60	0
24	35	5	20	154	184	10	20	20	60	0
25	95	30	30	0	171	10	20	20	60	0
26	95	35	20	0	172	10	20	20	60	0
27	92	30	10	0	174	10	20	20	60	0
28	90	35	10	0	177	10	20	20	60	0
29	88	30	10	0	178	10	20	20	60	0
30	88	35	20	0	179	10	20	20	60	0
31	87	30	10	0	178	10	20	20	60	0
32	85	25	10	0	178	10	20	20	60	0
33	85	35	30	0	182	10	20	20	60	0
34	67	85	20	0	185	10	20	20	60	0
35	65	85	40	0	186	10	20	20	60	0
36	65	82	10	0	189	10	20	20	60	0
37	62	80	30	75	105	10	50	50	0	0
38	60	80	10	0	193	10	20	20	60	0
39	60	85	30	0	189	10	20	20	60	0
40	58	75	20	0	199	10	20	20	60	0
41	55	80	10	0	196	10	20	20	60	0
42	55	85	20	0	191	10	20	20	60	0
43	55	82	10	64	94	10	50	50	0	0
44	20	82	10	0	192	10	20	20	60	0
45	18	80	10	0	192	10	20	20	60	0
46	2	45	10	0	191	10	20	20	60	0
47	42	5	10	0	184	10	20	20	60	0
48	42	12	10	0	191	10	20	20	60	0
49	72	35	30	0	194	10	20	20	60	0
50	55	20	19	0	196	10	20	20	60	0
51	25	30	3	0	205	10	20	20	60	0
52	20	50	5	91	121	10	50	50	0	0
53	55	60	16	0	211	10	20	20	60	0
54	30	60	16	140	170	10	20	20	60	0
55	50	35	19	0	211	10	20	20	60	0
56	30	25	23	0	203	10	20	20	60	0
57	15	10	20	152	182	10	20	20	60	0
58	10	20	19	0	187	10	20	20	60	0
59	15	60	17	0	203	10	20	20	60	0
60	45	65	9	0	214	10	20	20	60	0
61	65	35	3	52	82	10	50	50	0	0
62	65	20	6	0	190	10	20	20	60	0
63	45	30	17	0	209	10	20	20	60	0
64	35	40	16	0	218	10	20	20	60	0
65	41	37	16	0	216	10	20	20	60	0
66	64	42	9	70	100	10	50	50	0	0
67	40	60	21	0	220	10	20	20	60	0
68	31	52	27	41	71	10	100	0	0	0
69	35	69	23	0	210	10	20	20	60	0
70	65	55	14	0	204	10	20	20	60	0
71	63	65	8	0	202	10	20	20	60	0
72	2	60	5	0	190	10	20	20	60	0
73	20	20	8	141	171	10	20	20	60	0
74	5	5	16	0	172	10	20	20	60	0
75	60	12	31	75	105	10	50	50	0	0
76	23	3	7	150	180	10	20	20	60	0
77	8	56	27	0	197	10	20	20	60	0
78	6	68	30	89	119	10	50	50	0	0
79	47	47	13	0	222	10	20	20	60	0
80	49	58	10	0	217	10	20	20	60	0
81	27	43	9	0	215	10	20	20	60	0
82	37	31	14	0	210	10	20	20	60	0
83	57	29	18	96	126	10	50	50	0	0
84	63	23	2	0	194	10	20	20	60	0
85	21	24	28	0	197	10	20	20	60	0
86	12	24	13	90	120	10	50	50	0	0
87	24	58	19	0	212	10	20	20	60	0
88	67	5	25	0	177	10	20	20	60	0
89	37	47	6	0	225	10	20	20	60	0
90	49	42	13	0	217	10	20	20	60	0
91	53	43	14	14	44	10	100	0	0	0
92	61	52	3	0	208	10	20	20	60	0
93	57	48	23	0	212	10	20	20	60	0
94	56	37	6	0	209	10	20	20	60	0
95	55	54	26	0	214	10	20	20	60	0
96	4	18	35	0	181	10	20	20	60	0
97	26	52	9	0	215	10	20	20	60	0
98	26	35	15	77	107	10	50	50	0	0
99	31	67	3	180	210	10	20	20	60	0

Known Requests 23
Cust	Arrival	Start	Deadline	Demand	Service
6	-1	0	194		20	10
10	-1	59	89		40	10
13	-1	0	194		10	10
14	-1	58	88		20	10
16	-1	0	189		20	10
17	-1	0	184		20	10
19	-1	0	194		10	10
21	-1	0	195		40	10
24	-1	154	184		20	10
37	-1	75	105		30	10
41	-1	0	196		10	10
51	-1	0	205		3	10
53	-1	0	211		16	10
54	-1	140	170		16	10
62	-1	0	190		6	10
68	-1	41	71		27	10
71	-1	0	202		8	10
72	-1	0	190		5	10
73	-1	141	171		8	10
82	-1	0	210		14	10
86	-1	90	120		13	10
91	-1	14	44		14	10
94	-1	0	209		6	10

Unknown Requests 67
Cust	Arrival	Start	Deadline	Demand	Service
82	0	0	210		14	10
66	1	70	100		9	10
22	2	65	95		30	10
36	2	2	189		10	10
43	3	64	94		10	10
61	4	52	82		3	10
87	4	4	212		19	10
33	19	19	182		30	10
65	20	20	216		16	10
44	27	27	192		10	10
45	28	28	192		10	10
19	29	29	194		10	10
83	43	96	126		18	10
98	46	77	107		15	10
88	50	50	177		25	10
26	52	52	172		20	10
7	54	91	121		10	10
70	55	55	204		14	10
18	59	59	189		40	10
63	60	60	209		17	10
37	61	75	105		30	10
94	71	71	209		6	10
47	73	73	184		10	10
1	80	80	199		30	10
33	87	87	182		30	10
23	90	90	194		10	10
51	90	90	205		3	10
95	91	91	214		26	10
80	92	92	217		10	10
45	95	95	192		10	10
41	97	97	196		10	10
47	97	97	184		10	10
9	98	98	198		30	10
62	99	99	190		6	10
89	99	99	225		6	10
26	100	100	172		20	10
44	100	100	192		10	10
18	101	101	189		40	10
32	102	102	178		10	10
11	103	103	197		20	10
24	103	154	184		20	10
88	104	104	177		25	10
48	105	105	191		10	10
85	105	105	197		28	10
16	109	109	189		20	10
53	111	111	211		16	10
58	113	113	187		19	10
76	113	150	180		7	10
27	117	117	174		10	10
28	117	117	177		10	10
17	123	123	184		20	10
36	127	127	189		10	10
55	127	127	211		19	10
46	130	130	191		10	10
2	131	131	190		10	10
20	131	131	185		10	10
56	132	132	203		23	10
84	132	132	194		2	10
59	134	134	203		17	10
90	134	134	217		13	10
4	135	135	189		20	10
82	138	138	210		14	10
0	142	142	191		20	10
69	148	148	210		23	10
6	157	157	194		20	10
19	157	157	194		10	10
93	158	158	212		23	10
