Customers:	100	Capacity:	200	Time Bins	4 	Vehicles	13

Cust	X	Y	Demand	Start	End	Service	PreBin	0-160	160-320	320-480
D	40	50	0	0	240	0	0	0	0	0
0	25	85	20	0	191	10	20	20	60	0
1	22	75	30	0	199	10	20	20	60	0
2	22	85	10	0	190	10	20	20	60	0
3	20	80	40	141	171	10	20	20	60	0
4	20	85	20	0	189	10	20	20	60	0
5	18	75	20	0	196	10	20	20	60	0
6	15	75	20	0	194	10	20	20	60	0
7	15	80	10	91	121	10	50	50	0	0
8	10	35	20	91	121	10	50	50	0	0
9	10	40	30	0	198	10	20	20	60	0
10	8	40	40	59	89	10	50	50	0	0
11	8	45	20	0	197	10	20	20	60	0
12	5	35	10	142	172	10	20	20	60	0
13	5	45	10	0	194	10	20	20	60	0
14	2	40	20	58	88	10	50	50	0	0
15	0	40	20	0	188	10	20	20	60	0
16	0	45	20	0	189	10	20	20	60	0
17	44	5	20	0	184	10	20	20	60	0
18	42	10	40	0	189	10	20	20	60	0
19	42	15	10	0	194	10	20	20	60	0
20	40	5	10	0	185	10	20	20	60	0
21	40	15	40	0	195	10	20	20	60	0
22	38	5	30	65	95	10	50	50	0	0
23	38	15	10	0	194	10	20	20	60	0
24	35	5	20	154	184	10	20	20	60	0
25	95	30	30	0	171	10	20	20	60	0
26	95	35	20	0	172	10	20	20	60	0
27	92	30	10	0	174	10	20	20	60	0
28	90	35	10	0	177	10	20	20	60	0
29	88	30	10	0	178	10	20	20	60	0
30	88	35	20	0	179	10	20	20	60	0
31	87	30	10	0	178	10	20	20	60	0
32	85	25	10	0	178	10	20	20	60	0
33	85	35	30	0	182	10	20	20	60	0
34	67	85	20	0	185	10	20	20	60	0
35	65	85	40	0	186	10	20	20	60	0
36	65	82	10	0	189	10	20	20	60	0
37	62	80	30	75	105	10	50	50	0	0
38	60	80	10	0	193	10	20	20	60	0
39	60	85	30	0	189	10	20	20	60	0
40	58	75	20	0	199	10	20	20	60	0
41	55	80	10	0	196	10	20	20	60	0
42	55	85	20	0	191	10	20	20	60	0
43	55	82	10	64	94	10	50	50	0	0
44	20	82	10	0	192	10	20	20	60	0
45	18	80	10	0	192	10	20	20	60	0
46	2	45	10	0	191	10	20	20	60	0
47	42	5	10	0	184	10	20	20	60	0
48	42	12	10	0	191	10	20	20	60	0
49	72	35	30	0	194	10	20	20	60	0
50	55	20	19	0	196	10	20	20	60	0
51	25	30	3	0	205	10	20	20	60	0
52	20	50	5	91	121	10	50	50	0	0
53	55	60	16	0	211	10	20	20	60	0
54	30	60	16	140	170	10	20	20	60	0
55	50	35	19	0	211	10	20	20	60	0
56	30	25	23	0	203	10	20	20	60	0
57	15	10	20	152	182	10	20	20	60	0
58	10	20	19	0	187	10	20	20	60	0
59	15	60	17	0	203	10	20	20	60	0
60	45	65	9	0	214	10	20	20	60	0
61	65	35	3	52	82	10	50	50	0	0
62	65	20	6	0	190	10	20	20	60	0
63	45	30	17	0	209	10	20	20	60	0
64	35	40	16	0	218	10	20	20	60	0
65	41	37	16	0	216	10	20	20	60	0
66	64	42	9	70	100	10	50	50	0	0
67	40	60	21	0	220	10	20	20	60	0
68	31	52	27	41	71	10	100	0	0	0
69	35	69	23	0	210	10	20	20	60	0
70	65	55	14	0	204	10	20	20	60	0
71	63	65	8	0	202	10	20	20	60	0
72	2	60	5	0	190	10	20	20	60	0
73	20	20	8	141	171	10	20	20	60	0
74	5	5	16	0	172	10	20	20	60	0
75	60	12	31	75	105	10	50	50	0	0
76	23	3	7	150	180	10	20	20	60	0
77	8	56	27	0	197	10	20	20	60	0
78	6	68	30	89	119	10	50	50	0	0
79	47	47	13	0	222	10	20	20	60	0
80	49	58	10	0	217	10	20	20	60	0
81	27	43	9	0	215	10	20	20	60	0
82	37	31	14	0	210	10	20	20	60	0
83	57	29	18	96	126	10	50	50	0	0
84	63	23	2	0	194	10	20	20	60	0
85	21	24	28	0	197	10	20	20	60	0
86	12	24	13	90	120	10	50	50	0	0
87	24	58	19	0	212	10	20	20	60	0
88	67	5	25	0	177	10	20	20	60	0
89	37	47	6	0	225	10	20	20	60	0
90	49	42	13	0	217	10	20	20	60	0
91	53	43	14	14	44	10	100	0	0	0
92	61	52	3	0	208	10	20	20	60	0
93	57	48	23	0	212	10	20	20	60	0
94	56	37	6	0	209	10	20	20	60	0
95	55	54	26	0	214	10	20	20	60	0
96	4	18	35	0	181	10	20	20	60	0
97	26	52	9	0	215	10	20	20	60	0
98	26	35	15	77	107	10	50	50	0	0
99	31	67	3	180	210	10	20	20	60	0

Known Requests 27
Cust	Arrival	Start	Deadline	Demand	Service
1	-1	0	199		30	10
7	-1	91	121		10	10
10	-1	59	89		40	10
15	-1	0	188		20	10
17	-1	0	184		20	10
28	-1	0	177		10	10
29	-1	0	178		10	10
33	-1	0	182		30	10
37	-1	75	105		30	10
48	-1	0	191		10	10
50	-1	0	196		19	10
52	-1	91	121		5	10
53	-1	0	211		16	10
66	-1	70	100		9	10
68	-1	41	71		27	10
69	-1	0	210		23	10
70	-1	0	204		14	10
75	-1	75	105		31	10
78	-1	89	119		30	10
80	-1	0	217		10	10
83	-1	96	126		18	10
85	-1	0	197		28	10
86	-1	90	120		13	10
89	-1	0	225		6	10
91	-1	14	44		14	10
93	-1	0	212		23	10
94	-1	0	209		6	10

Unknown Requests 86
Cust	Arrival	Start	Deadline	Demand	Service
10	3	59	89		40	10
37	6	75	105		30	10
66	6	70	100		9	10
27	8	8	174		10	10
11	10	10	197		20	10
67	10	10	220		21	10
14	11	58	88		20	10
43	12	64	94		10	10
60	16	16	214		9	10
90	18	18	217		13	10
32	22	22	178		10	10
98	31	77	107		15	10
93	33	33	212		23	10
70	34	34	204		14	10
48	35	35	191		10	10
73	37	141	171		8	10
7	41	91	121		10	10
96	44	44	181		35	10
49	48	48	194		30	10
84	54	54	194		2	10
4	55	55	189		20	10
75	58	75	105		31	10
77	60	60	197		27	10
65	61	61	216		16	10
0	62	62	191		20	10
50	62	62	196		19	10
15	63	63	188		20	10
92	63	63	208		3	10
59	64	64	203		17	10
89	64	64	225		6	10
97	69	69	215		9	10
34	76	76	185		20	10
86	78	90	120		13	10
58	79	79	187		19	10
9	81	81	198		30	10
49	81	81	194		30	10
31	83	83	178		10	10
64	84	84	218		16	10
84	85	85	194		2	10
93	86	86	212		23	10
96	86	86	181		35	10
4	89	89	189		20	10
44	89	89	192		10	10
82	90	90	210		14	10
30	93	93	179		20	10
2	94	94	190		10	10
56	94	94	203		23	10
19	95	95	194		10	10
29	95	95	178		10	10
13	96	96	194		10	10
99	97	180	210		3	10
50	98	98	196		19	10
60	101	101	214		9	10
58	106	106	187		19	10
41	107	107	196		10	10
47	108	108	184		10	10
40	110	110	199		20	10
15	111	111	188		20	10
87	111	111	212		19	10
88	113	113	177		25	10
23	115	115	194		10	10
28	115	115	177		10	10
62	115	115	190		6	10
34	119	119	185		20	10
65	119	119	216		16	10
63	121	121	209		17	10
5	124	124	196		20	10
48	124	124	191		10	10
79	124	124	222		13	10
20	125	125	185		10	10
69	128	128	210		23	10
24	129	154	184		20	10
3	130	141	171		40	10
17	133	133	184		20	10
57	133	152	182		20	10
70	133	133	204		14	10
90	135	135	217		13	10
42	137	137	191		20	10
18	139	139	189		40	10
72	139	139	190		5	10
81	144	144	215		9	10
21	145	145	195		40	10
11	147	147	197		20	10
38	153	153	193		10	10
1	154	154	199		30	10
67	156	156	220		21	10
