Customers:	100	Capacity:	200	Time Bins	4 	Vehicles	14

Cust	X	Y	Demand	Start	End	Service	PreBin	0-160	160-320	320-480
D	40	50	0	0	240	0	0	0	0	0
0	25	85	20	0	191	10	20	20	60	0
1	22	75	30	0	199	10	20	20	60	0
2	22	85	10	0	190	10	20	20	60	0
3	20	80	40	141	171	10	20	20	60	0
4	20	85	20	0	189	10	20	20	60	0
5	18	75	20	0	196	10	20	20	60	0
6	15	75	20	0	194	10	20	20	60	0
7	15	80	10	91	121	10	50	50	0	0
8	10	35	20	91	121	10	50	50	0	0
9	10	40	30	0	198	10	20	20	60	0
10	8	40	40	59	89	10	50	50	0	0
11	8	45	20	0	197	10	20	20	60	0
12	5	35	10	142	172	10	20	20	60	0
13	5	45	10	0	194	10	20	20	60	0
14	2	40	20	58	88	10	50	50	0	0
15	0	40	20	0	188	10	20	20	60	0
16	0	45	20	0	189	10	20	20	60	0
17	44	5	20	0	184	10	20	20	60	0
18	42	10	40	0	189	10	20	20	60	0
19	42	15	10	0	194	10	20	20	60	0
20	40	5	10	0	185	10	20	20	60	0
21	40	15	40	0	195	10	20	20	60	0
22	38	5	30	65	95	10	50	50	0	0
23	38	15	10	0	194	10	20	20	60	0
24	35	5	20	154	184	10	20	20	60	0
25	95	30	30	0	171	10	20	20	60	0
26	95	35	20	0	172	10	20	20	60	0
27	92	30	10	0	174	10	20	20	60	0
28	90	35	10	0	177	10	20	20	60	0
29	88	30	10	0	178	10	20	20	60	0
30	88	35	20	0	179	10	20	20	60	0
31	87	30	10	0	178	10	20	20	60	0
32	85	25	10	0	178	10	20	20	60	0
33	85	35	30	0	182	10	20	20	60	0
34	67	85	20	0	185	10	20	20	60	0
35	65	85	40	0	186	10	20	20	60	0
36	65	82	10	0	189	10	20	20	60	0
37	62	80	30	75	105	10	50	50	0	0
38	60	80	10	0	193	10	20	20	60	0
39	60	85	30	0	189	10	20	20	60	0
40	58	75	20	0	199	10	20	20	60	0
41	55	80	10	0	196	10	20	20	60	0
42	55	85	20	0	191	10	20	20	60	0
43	55	82	10	64	94	10	50	50	0	0
44	20	82	10	0	192	10	20	20	60	0
45	18	80	10	0	192	10	20	20	60	0
46	2	45	10	0	191	10	20	20	60	0
47	42	5	10	0	184	10	20	20	60	0
48	42	12	10	0	191	10	20	20	60	0
49	72	35	30	0	194	10	20	20	60	0
50	55	20	19	0	196	10	20	20	60	0
51	25	30	3	0	205	10	20	20	60	0
52	20	50	5	91	121	10	50	50	0	0
53	55	60	16	0	211	10	20	20	60	0
54	30	60	16	140	170	10	20	20	60	0
55	50	35	19	0	211	10	20	20	60	0
56	30	25	23	0	203	10	20	20	60	0
57	15	10	20	152	182	10	20	20	60	0
58	10	20	19	0	187	10	20	20	60	0
59	15	60	17	0	203	10	20	20	60	0
60	45	65	9	0	214	10	20	20	60	0
61	65	35	3	52	82	10	50	50	0	0
62	65	20	6	0	190	10	20	20	60	0
63	45	30	17	0	209	10	20	20	60	0
64	35	40	16	0	218	10	20	20	60	0
65	41	37	16	0	216	10	20	20	60	0
66	64	42	9	70	100	10	50	50	0	0
67	40	60	21	0	220	10	20	20	60	0
68	31	52	27	41	71	10	100	0	0	0
69	35	69	23	0	210	10	20	20	60	0
70	65	55	14	0	204	10	20	20	60	0
71	63	65	8	0	202	10	20	20	60	0
72	2	60	5	0	190	10	20	20	60	0
73	20	20	8	141	171	10	20	20	60	0
74	5	5	16	0	172	10	20	20	60	0
75	60	12	31	75	105	10	50	50	0	0
76	23	3	7	150	180	10	20	20	60	0
77	8	56	27	0	197	10	20	20	60	0
78	6	68	30	89	119	10	50	50	0	0
79	47	47	13	0	222	10	20	20	60	0
80	49	58	10	0	217	10	20	20	60	0
81	27	43	9	0	215	10	20	20	60	0
82	37	31	14	0	210	10	20	20	60	0
83	57	29	18	96	126	10	50	50	0	0
84	63	23	2	0	194	10	20	20	60	0
85	21	24	28	0	197	10	20	20	60	0
86	12	24	13	90	120	10	50	50	0	0
87	24	58	19	0	212	10	20	20	60	0
88	67	5	25	0	177	10	20	20	60	0
89	37	47	6	0	225	10	20	20	60	0
90	49	42	13	0	217	10	20	20	60	0
91	53	43	14	14	44	10	100	0	0	0
92	61	52	3	0	208	10	20	20	60	0
93	57	48	23	0	212	10	20	20	60	0
94	56	37	6	0	209	10	20	20	60	0
95	55	54	26	0	214	10	20	20	60	0
96	4	18	35	0	181	10	20	20	60	0
97	26	52	9	0	215	10	20	20	60	0
98	26	35	15	77	107	10	50	50	0	0
99	31	67	3	180	210	10	20	20	60	0

Known Requests 27
Cust	Arrival	Start	Deadline	Demand	Service
1	-1	0	199		30	10
4	-1	0	189		20	10
8	-1	91	121		20	10
10	-1	59	89		40	10
12	-1	142	172		10	10
16	-1	0	189		20	10
17	-1	0	184		20	10
27	-1	0	174		10	10
34	-1	0	185		20	10
37	-1	75	105		30	10
43	-1	64	94		10	10
44	-1	0	192		10	10
49	-1	0	194		30	10
53	-1	0	211		16	10
54	-1	140	170		16	10
61	-1	52	82		3	10
62	-1	0	190		6	10
65	-1	0	216		16	10
68	-1	41	71		27	10
70	-1	0	204		14	10
76	-1	150	180		7	10
81	-1	0	215		9	10
83	-1	96	126		18	10
84	-1	0	194		2	10
85	-1	0	197		28	10
86	-1	90	120		13	10
91	-1	14	44		14	10

Unknown Requests 84
Cust	Arrival	Start	Deadline	Demand	Service
51	0	0	205		3	10
28	2	2	177		10	10
63	7	7	209		17	10
67	8	8	220		21	10
7	12	91	121		10	10
37	14	75	105		30	10
43	14	64	94		10	10
97	15	15	215		9	10
33	21	21	182		30	10
58	30	30	187		19	10
18	34	34	189		40	10
70	34	34	204		14	10
80	36	36	217		10	10
10	41	59	89		40	10
38	42	42	193		10	10
78	43	89	119		30	10
46	52	52	191		10	10
88	56	56	177		25	10
66	66	70	100		9	10
12	68	142	172		10	10
64	73	73	218		16	10
54	75	140	170		16	10
82	83	83	210		14	10
74	85	85	172		16	10
45	87	87	192		10	10
20	88	88	185		10	10
32	88	88	178		10	10
6	89	89	194		20	10
58	89	89	187		19	10
48	90	90	191		10	10
57	90	152	182		20	10
29	91	91	178		10	10
54	91	140	170		16	10
84	91	91	194		2	10
88	92	92	177		25	10
28	95	95	177		10	10
49	95	95	194		30	10
31	96	96	178		10	10
33	96	96	182		30	10
41	96	96	196		10	10
72	96	96	190		5	10
30	98	98	179		20	10
89	98	98	225		6	10
99	98	180	210		3	10
25	99	99	171		30	10
96	99	99	181		35	10
0	100	100	191		20	10
73	100	141	171		8	10
44	101	101	192		10	10
59	104	104	203		17	10
85	104	104	197		28	10
53	105	105	211		16	10
63	106	106	209		17	10
64	107	107	218		16	10
19	108	108	194		10	10
71	110	110	202		8	10
17	111	111	184		20	10
76	114	150	180		7	10
34	116	116	185		20	10
62	116	116	190		6	10
15	121	121	188		20	10
40	121	121	199		20	10
13	123	123	194		10	10
21	124	124	195		40	10
65	124	124	216		16	10
93	128	128	212		23	10
50	130	130	196		19	10
56	132	132	203		23	10
39	133	133	189		30	10
47	135	135	184		10	10
24	136	154	184		20	10
5	138	138	196		20	10
36	139	139	189		10	10
38	141	141	193		10	10
60	142	142	214		9	10
9	143	143	198		30	10
11	144	144	197		20	10
70	144	144	204		14	10
1	146	146	199		30	10
46	147	147	191		10	10
97	148	148	215		9	10
95	151	151	214		26	10
90	154	154	217		13	10
87	159	159	212		19	10
