Customers:	100	Capacity:	200	Time Bins	4 	Vehicles	17

Cust	X	Y	Demand	Start	End	Service	PreBin	0-160	160-320	320-480
D	40	50	0	0	240	0	0	0	0	0
0	25	85	20	145	175	10	50	40	10	0
1	22	75	30	50	80	10	100	0	0	0
2	22	85	10	109	139	10	50	50	0	0
3	20	80	40	141	171	10	50	40	10	0
4	20	85	20	41	71	10	100	0	0	0
5	18	75	20	95	125	10	50	50	0	0
6	15	75	20	79	109	10	50	50	0	0
7	15	80	10	91	121	10	50	50	0	0
8	10	35	20	91	121	10	50	50	0	0
9	10	40	30	119	149	10	50	50	0	0
10	8	40	40	59	89	10	50	50	0	0
11	8	45	20	64	94	10	50	50	0	0
12	5	35	10	142	172	10	50	40	10	0
13	5	45	10	35	65	10	100	0	0	0
14	2	40	20	58	88	10	50	50	0	0
15	0	40	20	72	102	10	50	50	0	0
16	0	45	20	149	179	10	50	40	10	0
17	44	5	20	87	117	10	50	50	0	0
18	42	10	40	72	102	10	50	50	0	0
19	42	15	10	122	152	10	50	50	0	0
20	40	5	10	67	97	10	50	50	0	0
21	40	15	40	92	122	10	50	50	0	0
22	38	5	30	65	95	10	50	50	0	0
23	38	15	10	148	178	10	50	40	10	0
24	35	5	20	154	184	10	50	40	10	0
25	95	30	30	115	145	10	50	50	0	0
26	95	35	20	62	92	10	50	50	0	0
27	92	30	10	62	92	10	50	50	0	0
28	90	35	10	67	97	10	50	50	0	0
29	88	30	10	74	104	10	50	50	0	0
30	88	35	20	61	91	10	50	50	0	0
31	87	30	10	131	161	10	50	40	10	0
32	85	25	10	51	81	10	50	50	0	0
33	85	35	30	111	141	10	50	50	0	0
34	67	85	20	139	169	10	50	40	10	0
35	65	85	40	43	73	10	100	0	0	0
36	65	82	10	124	154	10	50	50	0	0
37	62	80	30	75	105	10	50	50	0	0
38	60	80	10	37	67	10	100	0	0	0
39	60	85	30	85	115	10	50	50	0	0
40	58	75	20	92	122	10	50	50	0	0
41	55	80	10	33	63	10	100	0	0	0
42	55	85	20	128	158	10	50	50	0	0
43	55	82	10	64	94	10	50	50	0	0
44	20	82	10	37	67	10	100	0	0	0
45	18	80	10	113	143	10	50	50	0	0
46	2	45	10	45	75	10	100	0	0	0
47	42	5	10	151	181	10	50	40	10	0
48	42	12	10	104	134	10	50	50	0	0
49	72	35	30	116	146	10	50	50	0	0
50	55	20	19	83	113	10	50	50	0	0
51	25	30	3	52	82	10	50	50	0	0
52	20	50	5	91	121	10	50	50	0	0
53	55	60	16	139	169	10	50	40	10	0
54	30	60	16	140	170	10	50	40	10	0
55	50	35	19	130	160	10	50	50	0	0
56	30	25	23	96	126	10	50	50	0	0
57	15	10	20	152	182	10	50	40	10	0
58	10	20	19	42	72	10	100	0	0	0
59	15	60	17	155	185	10	50	40	10	0
60	45	65	9	66	96	10	50	50	0	0
61	65	35	3	52	82	10	50	50	0	0
62	65	20	6	39	69	10	100	0	0	0
63	45	30	17	53	83	10	50	50	0	0
64	35	40	16	11	41	10	100	0	0	0
65	41	37	16	133	163	10	50	40	10	0
66	64	42	9	70	100	10	50	50	0	0
67	40	60	21	144	174	10	50	40	10	0
68	31	52	27	41	71	10	100	0	0	0
69	35	69	23	180	210	10	50	40	10	0
70	65	55	14	65	95	10	50	50	0	0
71	63	65	8	30	60	10	100	0	0	0
72	2	60	5	77	107	10	50	50	0	0
73	20	20	8	141	171	10	50	40	10	0
74	5	5	16	74	104	10	50	50	0	0
75	60	12	31	75	105	10	50	50	0	0
76	23	3	7	150	180	10	50	40	10	0
77	8	56	27	90	120	10	50	50	0	0
78	6	68	30	89	119	10	50	50	0	0
79	47	47	13	192	222	10	50	40	10	0
80	49	58	10	86	116	10	50	50	0	0
81	27	43	9	42	72	10	100	0	0	0
82	37	31	14	35	65	10	100	0	0	0
83	57	29	18	96	126	10	50	50	0	0
84	63	23	2	87	117	10	50	50	0	0
85	21	24	28	87	117	10	50	50	0	0
86	12	24	13	90	120	10	50	50	0	0
87	24	58	19	67	97	10	50	50	0	0
88	67	5	25	144	174	10	50	40	10	0
89	37	47	6	86	116	10	50	50	0	0
90	49	42	13	167	197	10	50	40	10	0
91	53	43	14	14	44	10	100	0	0	0
92	61	52	3	178	208	10	50	40	10	0
93	57	48	23	95	125	10	50	50	0	0
94	56	37	6	34	64	10	100	0	0	0
95	55	54	26	132	162	10	50	40	10	0
96	4	18	35	120	150	10	50	50	0	0
97	26	52	9	46	76	10	100	0	0	0
98	26	35	15	77	107	10	50	50	0	0
99	31	67	3	180	210	10	50	40	10	0

Known Requests 65
Cust	Arrival	Start	Deadline	Demand	Service
0	-1	145	175		20	10
1	-1	50	80		30	10
2	-1	109	139		10	10
4	-1	41	71		20	10
5	-1	95	125		20	10
6	-1	79	109		20	10
7	-1	91	121		10	10
12	-1	142	172		10	10
13	-1	35	65		10	10
15	-1	72	102		20	10
16	-1	149	179		20	10
20	-1	67	97		10	10
22	-1	65	95		30	10
23	-1	148	178		10	10
24	-1	154	184		20	10
26	-1	62	92		20	10
27	-1	62	92		10	10
30	-1	61	91		20	10
31	-1	131	161		10	10
32	-1	51	81		10	10
34	-1	139	169		20	10
35	-1	43	73		40	10
36	-1	124	154		10	10
38	-1	37	67		10	10
39	-1	85	115		30	10
40	-1	92	122		20	10
41	-1	33	63		10	10
43	-1	64	94		10	10
44	-1	37	67		10	10
45	-1	113	143		10	10
46	-1	45	75		10	10
47	-1	151	181		10	10
50	-1	83	113		19	10
51	-1	52	82		3	10
56	-1	96	126		23	10
57	-1	152	182		20	10
58	-1	42	72		19	10
59	-1	155	185		17	10
60	-1	66	96		9	10
62	-1	39	69		6	10
64	-1	11	41		16	10
67	-1	144	174		21	10
68	-1	41	71		27	10
69	-1	180	210		23	10
71	-1	30	60		8	10
73	-1	141	171		8	10
74	-1	74	104		16	10
75	-1	75	105		31	10
76	-1	150	180		7	10
77	-1	90	120		27	10
79	-1	192	222		13	10
80	-1	86	116		10	10
81	-1	42	72		9	10
82	-1	35	65		14	10
84	-1	87	117		2	10
85	-1	87	117		28	10
87	-1	67	97		19	10
88	-1	144	174		25	10
91	-1	14	44		14	10
92	-1	178	208		3	10
93	-1	95	125		23	10
94	-1	34	64		6	10
95	-1	132	162		26	10
96	-1	120	150		35	10
97	-1	46	76		9	10

Unknown Requests 40
Cust	Arrival	Start	Deadline	Demand	Service
85	2	87	117		28	10
87	2	67	97		19	10
28	4	67	97		10	10
79	8	192	222		13	10
32	9	51	81		10	10
77	10	90	120		27	10
26	11	62	92		20	10
40	11	92	122		20	10
56	12	96	126		23	10
61	12	52	82		3	10
2	13	109	139		10	10
86	16	90	120		13	10
22	17	65	95		30	10
90	18	167	197		13	10
42	24	128	158		20	10
10	26	59	89		40	10
75	28	75	105		31	10
18	29	72	102		40	10
60	31	66	96		9	10
98	35	77	107		15	10
51	42	52	82		3	10
48	45	104	134		10	10
11	46	64	94		20	10
67	46	144	174		21	10
36	48	124	154		10	10
39	50	85	115		30	10
92	50	178	208		3	10
47	51	151	181		10	10
80	51	86	116		10	10
3	52	141	171		40	10
19	52	122	152		10	10
54	52	140	170		16	10
83	54	96	126		18	10
96	59	120	150		35	10
9	61	119	149		30	10
53	68	139	169		16	10
12	70	142	172		10	10
84	72	87	117		2	10
53	95	139	169		16	10
12	108	142	172		10	10
