Customers:	100	Capacity:	200	Time Bins	4 	Vehicles	12

Cust	X	Y	Demand	Start	End	Service	PreBin	0-160	160-320	320-480
D	40	50	0	0	240	0	0	0	0	0
0	25	85	20	0	191	10	50	40	10	0
1	22	75	30	0	199	10	50	10	40	0
2	22	85	10	0	190	10	50	40	10	0
3	20	80	40	141	171	10	50	10	40	0
4	20	85	20	0	189	10	50	40	10	0
5	18	75	20	0	196	10	50	40	10	0
6	15	75	20	0	194	10	50	40	10	0
7	15	80	10	91	121	10	50	50	0	0
8	10	35	20	91	121	10	50	50	0	0
9	10	40	30	0	198	10	50	40	10	0
10	8	40	40	59	89	10	50	50	0	0
11	8	45	20	0	197	10	50	40	10	0
12	5	35	10	142	172	10	50	40	10	0
13	5	45	10	0	194	10	50	40	10	0
14	2	40	20	58	88	10	50	50	0	0
15	0	40	20	0	188	10	50	40	10	0
16	0	45	20	0	189	10	50	10	40	0
17	44	5	20	0	184	10	50	40	10	0
18	42	10	40	0	189	10	50	40	10	0
19	42	15	10	0	194	10	50	40	10	0
20	40	5	10	0	185	10	50	10	40	0
21	40	15	40	0	195	10	50	10	40	0
22	38	5	30	65	95	10	50	50	0	0
23	38	15	10	0	194	10	50	40	10	0
24	35	5	20	154	184	10	50	40	10	0
25	95	30	30	0	171	10	50	40	10	0
26	95	35	20	0	172	10	50	40	10	0
27	92	30	10	0	174	10	50	10	40	0
28	90	35	10	0	177	10	50	40	10	0
29	88	30	10	0	178	10	50	40	10	0
30	88	35	20	0	179	10	50	10	40	0
31	87	30	10	0	178	10	50	40	10	0
32	85	25	10	0	178	10	50	40	10	0
33	85	35	30	0	182	10	50	10	40	0
34	67	85	20	0	185	10	50	10	40	0
35	65	85	40	0	186	10	50	10	40	0
36	65	82	10	0	189	10	50	10	40	0
37	62	80	30	75	105	10	50	50	0	0
38	60	80	10	0	193	10	50	40	10	0
39	60	85	30	0	189	10	50	10	40	0
40	58	75	20	0	199	10	50	10	40	0
41	55	80	10	0	196	10	50	10	40	0
42	55	85	20	0	191	10	50	10	40	0
43	55	82	10	64	94	10	50	50	0	0
44	20	82	10	0	192	10	50	40	10	0
45	18	80	10	0	192	10	50	10	40	0
46	2	45	10	0	191	10	50	10	40	0
47	42	5	10	0	184	10	50	40	10	0
48	42	12	10	0	191	10	50	10	40	0
49	72	35	30	0	194	10	50	40	10	0
50	55	20	19	0	196	10	50	10	40	0
51	25	30	3	0	205	10	50	40	10	0
52	20	50	5	91	121	10	50	50	0	0
53	55	60	16	0	211	10	50	10	40	0
54	30	60	16	140	170	10	50	10	40	0
55	50	35	19	0	211	10	50	10	40	0
56	30	25	23	0	203	10	50	10	40	0
57	15	10	20	152	182	10	50	10	40	0
58	10	20	19	0	187	10	50	10	40	0
59	15	60	17	0	203	10	50	40	10	0
60	45	65	9	0	214	10	50	40	10	0
61	65	35	3	52	82	10	50	50	0	0
62	65	20	6	0	190	10	50	10	40	0
63	45	30	17	0	209	10	50	10	40	0
64	35	40	16	0	218	10	50	40	10	0
65	41	37	16	0	216	10	50	40	10	0
66	64	42	9	70	100	10	50	50	0	0
67	40	60	21	0	220	10	50	10	40	0
68	31	52	27	41	71	10	100	0	0	0
69	35	69	23	0	210	10	50	10	40	0
70	65	55	14	0	204	10	50	40	10	0
71	63	65	8	0	202	10	50	10	40	0
72	2	60	5	0	190	10	50	10	40	0
73	20	20	8	141	171	10	50	40	10	0
74	5	5	16	0	172	10	50	10	40	0
75	60	12	31	75	105	10	50	50	0	0
76	23	3	7	150	180	10	50	40	10	0
77	8	56	27	0	197	10	50	40	10	0
78	6	68	30	89	119	10	50	50	0	0
79	47	47	13	0	222	10	50	40	10	0
80	49	58	10	0	217	10	50	40	10	0
81	27	43	9	0	215	10	50	40	10	0
82	37	31	14	0	210	10	50	40	10	0
83	57	29	18	96	126	10	50	50	0	0
84	63	23	2	0	194	10	50	40	10	0
85	21	24	28	0	197	10	50	10	40	0
86	12	24	13	90	120	10	50	50	0	0
87	24	58	19	0	212	10	50	40	10	0
88	67	5	25	0	177	10	50	10	40	0
89	37	47	6	0	225	10	50	10	40	0
90	49	42	13	0	217	10	50	40	10	0
91	53	43	14	14	44	10	100	0	0	0
92	61	52	3	0	208	10	50	40	10	0
93	57	48	23	0	212	10	50	10	40	0
94	56	37	6	0	209	10	50	10	40	0
95	55	54	26	0	214	10	50	40	10	0
96	4	18	35	0	181	10	50	10	40	0
97	26	52	9	0	215	10	50	10	40	0
98	26	35	15	77	107	10	50	50	0	0
99	31	67	3	180	210	10	50	10	40	0

Known Requests 47
Cust	Arrival	Start	Deadline	Demand	Service
6	-1	0	194		20	10
7	-1	91	121		10	10
10	-1	59	89		40	10
11	-1	0	197		20	10
12	-1	142	172		10	10
13	-1	0	194		10	10
15	-1	0	188		20	10
23	-1	0	194		10	10
24	-1	154	184		20	10
25	-1	0	171		30	10
29	-1	0	178		10	10
30	-1	0	179		20	10
31	-1	0	178		10	10
36	-1	0	189		10	10
37	-1	75	105		30	10
38	-1	0	193		10	10
39	-1	0	189		30	10
41	-1	0	196		10	10
42	-1	0	191		20	10
44	-1	0	192		10	10
46	-1	0	191		10	10
52	-1	91	121		5	10
53	-1	0	211		16	10
55	-1	0	211		19	10
56	-1	0	203		23	10
57	-1	152	182		20	10
58	-1	0	187		19	10
59	-1	0	203		17	10
62	-1	0	190		6	10
64	-1	0	218		16	10
66	-1	70	100		9	10
67	-1	0	220		21	10
68	-1	41	71		27	10
69	-1	0	210		23	10
70	-1	0	204		14	10
76	-1	150	180		7	10
80	-1	0	217		10	10
82	-1	0	210		14	10
84	-1	0	194		2	10
85	-1	0	197		28	10
86	-1	90	120		13	10
91	-1	14	44		14	10
92	-1	0	208		3	10
94	-1	0	209		6	10
95	-1	0	214		26	10
96	-1	0	181		35	10
97	-1	0	215		9	10

Unknown Requests 60
Cust	Arrival	Start	Deadline	Demand	Service
32	0	0	178		10	10
63	5	5	209		17	10
24	6	154	184		20	10
9	7	7	198		30	10
43	17	64	94		10	10
15	18	18	188		20	10
92	19	19	208		3	10
45	22	22	192		10	10
49	24	24	194		30	10
5	30	30	196		20	10
62	31	31	190		6	10
75	33	75	105		31	10
77	35	35	197		27	10
23	36	36	194		10	10
66	36	70	100		9	10
28	39	39	177		10	10
38	40	40	193		10	10
86	44	90	120		13	10
98	46	77	107		15	10
37	48	75	105		30	10
59	50	50	203		17	10
2	51	51	190		10	10
42	52	52	191		20	10
78	62	89	119		30	10
70	64	64	204		14	10
87	67	67	212		19	10
29	69	69	178		10	10
80	69	69	217		10	10
18	71	71	189		40	10
83	76	96	126		18	10
20	79	79	185		10	10
64	79	79	218		16	10
35	85	85	186		40	10
42	85	85	191		20	10
88	86	86	177		25	10
62	87	87	190		6	10
77	95	95	197		27	10
20	96	96	185		10	10
97	100	100	215		9	10
16	101	101	189		20	10
58	105	105	187		19	10
74	105	105	172		16	10
27	107	107	174		10	10
3	109	141	171		40	10
34	110	110	185		20	10
85	115	115	197		28	10
55	119	119	211		19	10
99	121	180	210		3	10
33	126	126	182		30	10
19	128	128	194		10	10
57	130	152	182		20	10
45	131	131	192		10	10
65	131	131	216		16	10
46	137	137	191		10	10
56	137	137	203		23	10
36	144	144	189		10	10
87	144	144	212		19	10
39	147	147	189		30	10
50	152	152	196		19	10
89	157	157	225		6	10
